time (s) Temperature (°C)
   2.3         20.5
   2.8         20.5
   3.4         20.5
   3.8         20.5
   4.3         20.5
   4.9         20.5
   5.4         20.5
   5.8         20.5
   6.3         20.5
   7.0         20.5
   7.3         20.5
   7.8         20.5
   8.4         20.5
   8.9         20.5
   9.3         20.5
   9.8         20.5
  10.4         20.5
  10.9         20.5
  11.3         20.5
  11.8         20.5
  12.4         20.5
  12.8         20.5
  13.3         20.5
  13.9         20.5
  14.4         20.5
  14.8         20.5
  15.3         20.5
  15.9         20.5
  16.3         20.5
  16.8         20.5
  17.4         20.5
  17.9         20.5
  18.3         20.5
  18.8         20.5
  19.4         20.5
  19.8         20.5
  20.3         20.5
  20.9         20.5
  21.4         20.5
  21.8         20.5
  22.3         20.5
  22.8         20.5
  23.4         20.5
  23.8         20.5
  24.3         20.5
  24.9         20.5
  25.3         20.5
  25.8         20.5
  26.4         20.5
  26.9         20.5
  27.3         20.5
  27.8         20.5
  28.4         20.5
  28.8         20.5
  29.3         20.5
  29.8         20.5
  30.4         20.5
  30.8         20.5
  31.3         20.5
  31.8         20.5
  32.4         20.5
  32.8         20.5
  33.3         20.5
  33.9         20.5
  34.3         20.5
