Temperature logtime (s) Temperature (°C)
  2.30        20.50
  2.84        20.50
  3.38        20.50
  3.78        20.50
  4.33        20.50
  4.87        20.50
  5.39        20.50
  5.80        20.50
  6.34        20.50
  6.87        20.50
  7.27        20.50
  7.81        20.50
  8.36        20.50
  8.89        20.50
  9.31        20.50
  9.82        20.50
 10.37        20.50
 10.89        20.50
 11.30        20.50
 11.83        20.50
 12.38        20.50
 12.78        20.50
 13.31        20.50
 13.85        20.50
 14.40        20.50
 14.80        20.50
 15.33        20.50
 15.86        20.50
 16.28        20.50
 16.81        20.50
 17.35        20.50
 17.88        20.50
 18.28        20.50
 18.82        20.50
 19.37        20.50
 19.91        20.50
 20.30        20.50
 20.85        20.50
 21.38        20.50
 21.78        20.50
 22.32        20.50
 22.85        20.50
 23.39        20.50
 23.79        20.50
 24.33        20.50
 24.88        20.50
 25.28        20.50
 25.82        20.50
 26.34        20.50
 26.88        20.50
 27.31        20.50
 27.83        20.50
 28.35        20.50
 28.75        20.50
 29.30        20.50
 29.84        20.50
 30.38        20.50
 30.78        20.50
 31.32        20.50
 31.86        20.50
 32.38        20.50
 32.80        20.50
 33.32        20.50
 33.87        20.50
 34.27        20.50
 34.81        20.50
 35.37        20.50
