time (s) Temperature (°C)
   0.0         20.5
   0.0         20.5
   0.1         20.5
   0.1         20.5
   0.1         20.5
   0.1         20.5
   0.1         20.5
   0.1         20.5
   0.2         20.5
   0.2         20.5
   0.2         20.5
   0.2         20.5
   0.3         20.5
   0.3         20.5
   0.3         20.5
   0.3         20.5
   0.4         20.5
   0.4         20.5
   0.4         20.5
   0.4         20.5
   0.4         20.5
   0.5         20.5
   0.5         20.5
   0.5         20.5
   0.5         20.5
   0.5         20.5
   0.7         20.5
   0.7         20.5
   0.8         20.5
   0.8         20.5
   0.8         20.5
   0.8         20.5
   0.9         20.5
   0.9         20.5
   0.9         20.5
   1.0         20.5
   1.0         20.5
   1.0         20.5
   1.0         20.5
   1.0         20.5
   1.1         20.5
   1.1         20.5
   1.1         20.5
   1.1         20.5
   1.2         20.5
   1.2         20.5
   1.2         20.5
   1.2         20.5
   1.2         20.5
   1.3         20.5
   1.3         20.5
   1.3         20.5
   1.3         20.5
   1.3         20.5
   1.4         20.5
   1.4         20.5
   1.4         20.5
   1.4         20.5
   1.4         20.5
   1.4         20.5
   1.5         20.5
   1.5         20.5
   1.5         20.5
   1.5         20.5
   1.5         20.5
   1.5         20.5
   1.5         20.5
   1.6         20.5
   1.6         20.5
   1.6         20.5
   1.6         20.5
   1.6         20.5
   1.7         20.5
   1.7         20.5
   1.7         20.5
   1.8         20.5
   1.8         20.5
   1.8         20.5
   1.8         20.5
   1.8         20.5
   1.8         20.5
   1.8         20.5
   1.9         20.5
   1.9         20.5
   1.9         20.5
   1.9         20.5
   1.9         20.5
   2.0         20.5
   2.0         20.5
   2.0         20.5
   2.0         20.5
   2.0         20.5
   2.1         20.5
   2.1         20.5
   2.1         20.5
   2.1         20.5
   2.1         20.5
   2.2         20.5
   2.2         20.5
   2.2         20.5
   2.2         20.5
   2.3         20.5
   2.3         20.5
   2.3         20.5
   2.3         20.5
   2.4         20.5
   2.4         20.5
   2.4         20.5
   2.4         20.5
   2.5         20.5
   2.5         20.5
   2.5         20.5
   2.5         20.5
   2.5         20.5
   2.5         20.5
   2.6         20.5
   2.6         20.5
   2.6         20.5
   2.6         20.5
   2.6         20.5
   2.7         20.5
   2.7         20.5
   2.7         20.5
   2.7         20.5
   2.8         20.5
   2.8         20.5
   2.8         20.5
   2.8         20.5
   2.9         20.5
   2.9         20.5
   2.9         20.5
   2.9         20.5
   3.0         20.5
   3.0         20.5
   3.0         20.5
   3.0         20.5
   3.0         20.5
   3.1         20.5
   3.1         20.5
   3.1         20.5
   3.1         20.5
   3.2         20.5
   3.2         20.5
   3.2         20.5
   3.2         20.5
   3.3         20.5
   3.3         20.5
   3.3         20.5
   3.3         20.5
   3.4         20.5
   3.4         20.5
   3.4         20.5
   3.4         20.5
   3.5         20.5
   3.5         20.5
   3.5         20.5
   3.5         20.5
   3.6         20.5
   3.6         20.5
   3.6         20.5
   3.6         20.5
   3.7         20.5
   3.7         20.5
   3.7         20.5
   3.7         20.5
   3.8         20.5
   3.8         20.5
   3.8         20.5
   3.8         20.5
   3.8         20.5
   3.9         20.5
   3.9         20.5
   3.9         20.5
   3.9         20.5
   4.0         20.5
   4.0         20.5
   4.0         20.5
   4.0         20.5
   4.1         20.5
   4.1         20.5
   4.1         20.5
   4.1         20.5
   4.1         20.5
   4.2         20.5
   4.2         20.5
   4.2         20.5
   4.2         20.5
   4.2         20.5
   4.3         20.5
   4.3         20.5
   4.3         20.5
   4.3         20.5
   4.3         20.5
   4.4         20.5
   4.4         20.5
   4.4         20.5
   4.4         20.5
   4.4         20.5
   4.5         20.5
   4.5         20.5
   4.5         20.5
   4.5         20.5
   4.5         20.5
   4.5         20.5
   4.6         20.5
   4.6         20.5
   4.6         20.5
   4.6         20.5
   4.6         20.5
   4.7         20.5
   4.7         20.5
   4.7         20.5
   4.7         20.5
   4.8         20.5
   4.8         20.5
   4.8         20.5
   4.8         20.5
   4.9         20.5
   4.9         20.5
   4.9         20.5
   4.9         20.5
   4.9         20.5
   5.0         20.5
   5.0         20.5
   5.0         20.5
   5.0         20.5
   5.0         20.5
   5.1         20.5
   5.1         20.5
   5.1         20.5
   5.1         20.5
   5.1         20.5
   5.1         20.5
   5.2         20.5
   5.2         20.5
   5.2         20.5
   5.2         20.5
   5.2         20.5
   5.3         20.5
   5.3         20.5
   5.3         20.5
   5.3         20.5
   5.3         20.5
   5.4         20.5
   5.4         20.5
   5.4         20.5
   5.4         20.5
   5.4         20.5
   5.5         20.5
   5.5         20.5
   5.5         20.5
   5.5         20.5
   5.5         20.5
   5.6         20.5
   5.6         20.5
   5.6         20.5
   5.6         20.5
   5.6         20.5
   5.7         20.5
   5.7         20.5
   5.7         20.5
   5.7         20.5
   5.7         20.5
   5.8         20.5
   5.8         20.5
   5.8         20.5
   5.8         20.5
   5.8         20.5
   5.8         20.5
   5.9         20.5
   5.9         20.5
   5.9         20.5
   5.9         20.5
   5.9         20.5
   6.0         20.5
   6.0         20.5
   6.0         20.5
   6.0         20.5
   6.0         20.5
   6.1         20.5
   6.1         20.5
   6.1         20.5
   6.1         20.5
   6.1         20.5
   6.2         20.5
   6.2         20.5
   6.2         20.5
   6.2         20.5
   6.3         20.5
   6.3         20.5
   6.3         20.5
   6.3         20.5
   6.3         20.5
   6.3         20.5
   6.3         20.5
   6.4         20.5
   6.4         20.5
   6.4         20.5
   6.4         20.5
   6.4         20.5
   6.5         20.5
   6.5         20.5
   6.5         20.5
   6.5         20.5
   6.5         20.5
   6.6         20.5
   6.6         20.5
   6.6         20.5
   6.6         20.5
   6.7         20.5
   6.7         20.5
   6.7         20.5
   6.7         20.5
   6.7         20.5
   6.8         20.5
   6.8         20.5
   6.8         20.5
   6.8         20.5
   6.9         20.5
   6.9         20.5
   6.9         20.5
   6.9         20.5
   7.0         20.5
   7.0         20.5
   7.0         20.5
   7.0         20.5
   7.0         20.5
   7.1         20.5
   7.1         20.5
   7.1         20.5
   7.1         20.5
   7.1         20.5
   7.1         20.5
   7.2         20.5
   7.2         20.5
   7.2         20.5
   7.2         20.5
   7.3         20.5
   7.3         20.5
   7.3         20.5
   7.3         20.5
   7.4         20.5
   8.0         20.5
   8.4         20.5
   8.9         20.5
   9.4         20.5
   9.8         20.5
  10.4         20.5
  10.9         20.5
  11.4         20.5
  11.8         20.5
  12.4         20.5
  12.9         20.5
  13.5         20.5
  13.9         20.5
  14.4         20.5
  14.9         20.5
  15.3         20.5
  15.9         20.5
  16.4         20.5
  16.9         20.5
  17.3         20.5
  17.9         20.5
  18.4         20.5
  18.8         20.5
  19.4         20.5
  19.9         20.5
  20.4         20.5
  20.8         20.5
  21.4         20.5
  21.9         20.5
  22.5         20.5
  22.9         20.5
  23.4         20.5
  23.9         20.5
  24.3         20.5
  24.9         20.5
  25.4         20.5
  26.0         20.5
  26.3         20.5
  26.9         20.5
  27.4         20.5
  27.8         20.5
  28.4         20.5
  28.9         20.5
  29.4         20.5
  29.9         20.5
  30.4         20.5
  30.9         20.5
  31.4         20.5
  31.9         20.5
  32.4         20.5
  32.9         20.5
