Temperature log
time (s) Temperature (°C)
  2.31        20.50
  2.84        20.50
  3.38        20.50
  3.79        20.50
  4.33        20.50
  4.85        20.50
  5.39        20.50
  5.79        20.50
  6.34        20.50
  6.88        20.50
  7.28        20.50
  7.81        20.50
  8.35        20.50
  8.88        20.50
  9.30        20.50
  9.82        20.50
 10.37        20.50
 10.91        20.50
 11.31        20.50
 11.85        20.50
 12.39        20.50
 12.79        20.50
 13.31        20.50
 13.86        20.50
 14.38        20.50
 14.80        20.50
 15.34        20.50
 15.86        20.50
 16.26        20.50
 16.82        20.50
 17.34        20.50
 17.88        20.50
 18.28        20.50
 18.82        20.50
 19.37        20.50
 19.89        20.50
 20.30        20.50
 20.84        20.50
 21.38        20.50
 21.78        20.50
 22.32        20.50
 24.97        20.50
 24.99        20.50
 25.02        20.50
 25.05        20.50
 25.06        20.50
 25.27        20.50
 25.80        20.50
 26.35        20.50
