time (s) Temperature (°C)
  2.32        20.50
  2.84        20.50
  3.38        20.50
  3.78        20.50
  4.33        20.50
  4.87        20.50
  5.38        20.50
  5.80        20.50
  6.34        20.50
  6.88        20.50
  7.27        20.50
  7.82        20.50
  8.34        20.50
  8.88        20.50
  9.28        20.50
  9.83        20.50
 10.36        20.50
 10.90        20.50
 11.30        20.50
 11.85        20.50
 12.37        20.50
 12.77        20.50
 13.31        20.50
 13.87        20.50
 14.38        20.50
 14.78        20.50
 15.33        20.50
 15.87        20.50
 16.27        20.50
 16.82        20.50
 17.34        20.50
 17.89        20.50
 18.29        20.50
 18.83        20.50
 19.37        20.50
 19.91        20.50
 20.31        20.50
 20.83        20.50
 21.38        20.50
 21.78        20.50
 22.33        20.50
 22.85        20.50
 23.39        20.50
 23.79        20.50
 24.33        20.50
 24.88        20.50
 25.27        20.50
 25.82        20.50
 26.34        20.50
 26.88        20.50
 27.28        20.50
 27.83        20.50
 28.35        20.50
 28.77        20.50
 29.30        20.50
 29.83        20.50
 30.37        20.50
 30.79        20.50
 31.32        20.50
 31.86        20.50
 32.39        20.50
 32.78        20.50
 33.34        20.50
 33.87        20.50
 34.27        20.50
 34.81        20.50
 35.34        20.50
 35.88        20.50
 36.28        20.50
